0 0
1 0
2 0
3 0
4 0
5 0
6 0
7 0
8 0
9 0
10 0
11 0
12 0
13 0
14 0
15 0
16 0
17 0
18 0
19 0
20 0
21 0
22 0
23 0
24 0
25 0
26 0
27 0
28 0
29 0
30 0
31 0
32 0
33 0
34 0
35 0
36 0
37 0
38 0
39 0
40 0
41 0
42 0
43 0
44 0
45 0
46 0
47 0
48 0
49 0
50 0
51 0
52 0
53 0
54 0
55 0
56 0
57 0
58 0
59 0
60 0
61 0
62 0
63 0
64 0
65 0
66 0
67 0
68 0
69 0
70 0
71 0
72 0
73 0
74 0
75 0
76 0
77 0
78 0
79 0
80 0
81 0
82 0
83 0
84 0
85 0
86 0
87 0
88 0
89 0
90 0
91 0
92 0
93 0
94 0
95 0
96 0
97 0
98 0
99 0
100 0
101 0
102 0
103 0
104 0
105 0
106 0
107 0
108 0
109 0
110 0
111 0
112 0
113 0
114 0
115 0
116 0
117 0
118 0
119 0
120 0
121 0
122 0
123 0
124 0
125 0
126 0
127 0
128 0
129 0
130 0
131 0
132 0
133 0
134 0
135 0
136 0
137 0
138 0
139 0
140 0
141 0
142 0
143 0
144 0
145 0
146 0
147 0
148 0
149 0
150 0
151 0
152 0
153 0
154 0
155 0
156 0
157 0
158 0
159 0
160 0
161 0
162 0
163 0
164 0
165 0
166 0
167 0
168 0
169 0
170 0
171 0
172 0
173 0
174 0
175 0
176 0
177 0
178 0
179 0
180 0
181 0
182 0
183 0
184 0
185 0
186 0
187 0
188 0
189 0
190 0
191 0
192 0
193 0
194 0
195 0
196 0
197 0
198 0
199 0
200 0
201 0
202 0
203 0
204 0
205 0
206 0
207 0
208 0
209 0
210 0
211 0
212 0
213 0
214 0
215 0
216 0
217 0
218 0
219 0
220 0
221 0
222 0
223 0
224 0
225 0
226 0
227 0
228 0
229 0
230 0
231 0
232 0
233 0
234 0
235 0
236 0
237 0
238 0
239 0
0 1
238 1
0 2
237 2
0 3
236 3
0 4
234 4
235 4
0 5
233 5
0 6
232 6
0 7
231 7
0 8
230 8
0 9
229 9
0 10
228 10
0 11
228 11
0 12
227 12
0 13
226 13
0 14
225 14
0 15
224 15
0 16
223 16
0 17
222 17
0 18
222 18
0 19
221 19
0 20
220 20
0 21
219 21
0 22
218 22
0 23
218 23
0 24
217 24
0 25
99 25
100 25
101 25
102 25
103 25
104 25
105 25
106 25
216 25
0 26
95 26
96 26
97 26
98 26
107 26
111 26
112 26
113 26
216 26
0 27
93 27
94 27
99 27
100 27
101 27
102 27
103 27
104 27
105 27
106 27
110 27
114 27
115 27
116 27
117 27
118 27
215 27
0 28
91 28
92 28
96 28
97 28
98 28
111 28
112 28
113 28
119 28
120 28
121 28
214 28
0 29
89 29
90 29
93 29
94 29
95 29
114 29
115 29
116 29
117 29
118 29
122 29
123 29
124 29
213 29
0 30
87 30
88 30
91 30
92 30
119 30
120 30
121 30
125 30
126 30
127 30
213 30
0 31
85 31
86 31
89 31
90 31
122 31
123 31
124 31
128 31
129 31
130 31
131 31
212 31
254 31
255 31
0 32
83 32
84 32
86 32
87 32
88 32
125 32
126 32
127 32
132 32
133 32
134 32
212 32
253 32
255 32
0 33
81 33
82 33
84 33
85 33
128 33
129 33
130 33
131 33
135 33
136 33
211 33
252 33
255 33
0 34
79 34
80 34
82 34
83 34
132 34
133 34
134 34
137 34
138 34
211 34
251 34
255 34
0 35
77 35
78 35
81 35
135 35
136 35
137 35
139 35
210 35
250 35
255 35
0 36
76 36
79 36
80 36
138 36
209 36
249 36
255 36
0 37
75 37
77 37
78 37
209 37
248 37
255 37
0 38
73 38
74 38
76 38
208 38
247 38
255 38
0 39
72 39
74 39
75 39
208 39
246 39
255 39
0 40
71 40
73 40
207 40
245 40
255 40
0 41
69 41
72 41
207 41
244 41
255 41
0 42
68 42
70 42
206 42
244 42
255 42
0 43
67 43
69 43
206 43
243 43
255 43
0 44
66 44
68 44
205 44
242 44
255 44
0 45
65 45
67 45
205 45
241 45
255 45
0 46
66 46
204 46
240 46
255 46
0 47
204 47
239 47
255 47
0 48
203 48
239 48
255 48
0 49
203 49
238 49
255 49
0 50
202 50
237 50
255 50
0 51
202 51
236 51
255 51
0 52
201 52
217 52
218 52
219 52
236 52
255 52
0 53
201 53
215 53
216 53
219 53
235 53
255 53
0 54
200 54
214 54
219 54
234 54
255 54
0 55
200 55
212 55
213 55
219 55
233 55
255 55
0 56
199 56
210 56
211 56
219 56
233 56
255 56
0 57
199 57
208 57
209 57
219 57
232 57
255 57
0 58
198 58
207 58
218 58
231 58
255 58
0 59
198 59
205 59
206 59
218 59
231 59
255 59
0 60
198 60
203 60
204 60
218 60
230 60
255 60
0 61
196 61
197 61
200 61
201 61
202 61
218 61
229 61
255 61
0 62
194 62
195 62
198 62
199 62
217 62
229 62
255 62
0 63
191 63
192 63
193 63
196 63
197 63
217 63
228 63
255 63
0 64
189 64
190 64
194 64
195 64
217 64
228 64
255 64
0 65
187 65
188 65
191 65
192 65
193 65
217 65
227 65
255 65
0 66
185 66
186 66
189 66
190 66
216 66
226 66
255 66
0 67
183 67
184 67
187 67
188 67
216 67
226 67
255 67
0 68
181 68
182 68
185 68
186 68
215 68
225 68
255 68
0 69
179 69
180 69
183 69
184 69
215 69
225 69
255 69
0 70
177 70
178 70
181 70
182 70
215 70
224 70
255 70
0 71
175 71
176 71
179 71
180 71
214 71
224 71
255 71
0 72
173 72
174 72
176 72
177 72
178 72
214 72
223 72
255 72
0 73
171 73
172 73
174 73
175 73
213 73
222 73
255 73
0 74
169 74
170 74
172 74
173 74
213 74
222 74
255 74
0 75
167 75
168 75
170 75
171 75
212 75
221 75
255 75
0 76
165 76
166 76
169 76
212 76
221 76
255 76
0 77
164 77
167 77
168 77
211 77
220 77
255 77
0 78
162 78
163 78
165 78
166 78
211 78
220 78
255 78
0 79
160 79
161 79
163 79
164 79
210 79
219 79
255 79
0 80
159 80
161 80
162 80
210 80
219 80
255 80
0 81
157 81
158 81
160 81
209 81
218 81
255 81
0 82
156 82
158 82
159 82
208 82
218 82
255 82
0 83
154 83
157 83
208 83
217 83
255 83
0 84
153 84
155 84
207 84
217 84
255 84
0 85
151 85
154 85
206 85
217 85
255 85
0 86
150 86
152 86
205 86
216 86
255 86
0 87
149 87
151 87
183 87
184 87
205 87
216 87
255 87
0 88
147 88
150 88
181 88
182 88
185 88
204 88
215 88
255 88
0 89
146 89
148 89
179 89
180 89
186 89
203 89
215 89
255 89
0 90
145 90
147 90
176 90
178 90
187 90
202 90
214 90
255 90
0 91
146 91
174 91
175 91
177 91
179 91
188 91
189 91
201 91
214 91
255 91
0 92
171 92
172 92
173 92
177 92
179 92
190 92
200 92
213 92
255 92
0 93
169 93
170 93
175 93
176 93
180 93
190 93
199 93
213 93
255 93
0 94
167 94
168 94
175 94
180 94
190 94
198 94
213 94
255 94
0 95
164 95
166 95
176 95
181 95
189 95
197 95
212 95
255 95
0 96
115 96
116 96
117 96
118 96
119 96
120 96
121 96
122 96
123 96
124 96
125 96
126 96
127 96
128 96
129 96
137 96
162 96
163 96
165 96
167 96
168 96
176 96
181 96
189 96
196 96
212 96
255 96
0 97
110 97
111 97
112 97
113 97
114 97
130 97
131 97
132 97
133 97
134 97
135 97
136 97
138 97
159 97
161 97
163 97
164 97
169 97
177 97
181 97
189 97
194 97
195 97
211 97
255 97
0 98
109 98
117 98
118 98
119 98
120 98
121 98
122 98
123 98
124 98
125 98
126 98
127 98
128 98
129 98
130 98
136 98
137 98
157 98
158 98
160 98
162 98
170 98
177 98
182 98
188 98
193 98
211 98
255 98
0 99
110 99
111 99
112 99
113 99
114 99
115 99
116 99
131 99
132 99
133 99
134 99
135 99
156 99
158 99
159 99
171 99
177 99
182 99
188 99
189 99
190 99
191 99
192 99
211 99
255 99
0 100
113 100
132 100
157 100
172 100
178 100
182 100
210 100
255 100
0 101
109 101
110 101
112 101
114 101
131 101
133 101
172 101
178 101
181 101
210 101
255 101
0 102
105 102
106 102
108 102
111 102
113 102
130 102
132 102
173 102
178 102
181 102
210 102
255 102
0 103
100 103
101 103
104 103
107 103
109 103
110 103
129 103
131 103
173 103
178 103
179 103
180 103
181 103
209 103
255 103
0 104
97 104
99 104
102 104
105 104
106 104
130 104
145 104
173 104
209 104
255 104
0 105
94 105
96 105
98 105
100 105
101 105
144 105
146 105
174 105
208 105
255 105
0 106
93 106
95 106
97 106
145 106
174 106
208 106
255 106
0 107
94 107
174 107
208 107
255 107
0 108
175 108
207 108
255 108
0 109
123 109
124 109
175 109
207 109
255 109
0 110
88 110
89 110
122 110
125 110
175 110
207 110
255 110
0 111
84 111
87 111
90 111
123 111
124 111
175 111
206 111
255 111
0 112
83 112
85 112
88 112
89 112
176 112
206 112
255 112
0 113
84 113
87 113
129 113
176 113
206 113
255 113
0 114
85 114
86 114
88 114
128 114
130 114
176 114
205 114
255 114
0 115
84 115
86 115
87 115
129 115
176 115
205 115
255 115
0 116
82 116
83 116
85 116
177 116
205 116
255 116
0 117
81 117
83 117
84 117
177 117
205 117
255 117
0 118
79 118
80 118
82 118
122 118
123 118
124 118
177 118
204 118
255 118
0 119
78 119
80 119
81 119
96 119
97 119
98 119
121 119
125 119
126 119
177 119
204 119
255 119
0 120
79 120
92 120
93 120
95 120
99 120
120 120
127 120
171 120
172 120
173 120
174 120
178 120
204 120
255 120
0 121
75 121
89 121
90 121
91 121
94 121
96 121
97 121
98 121
118 121
119 121
126 121
127 121
128 121
129 121
130 121
169 121
170 121
175 121
178 121
203 121
255 121
0 122
74 122
76 122
86 122
87 122
88 122
91 122
92 122
93 122
109 122
110 122
117 122
120 122
121 122
122 122
131 122
132 122
168 122
175 122
178 122
203 122
255 122
0 123
73 123
75 123
85 123
88 123
89 123
90 123
108 123
111 123
118 123
119 123
123 123
124 123
125 123
133 123
167 123
168 123
169 123
170 123
171 123
172 123
176 123
178 123
203 123
255 123
0 124
72 124
74 124
83 124
86 124
87 124
107 124
110 124
126 124
127 124
128 124
129 124
132 124
134 124
135 124
166 124
169 124
173 124
176 124
178 124
203 124
255 124
0 125
71 125
73 125
81 125
82 125
84 125
107 125
109 125
124 125
130 125
131 125
133 125
136 125
137 125
167 125
168 125
174 125
175 125
177 125
202 125
255 125
0 126
72 126
79 126
80 126
82 126
83 126
108 126
112 126
118 126
119 126
120 126
121 126
122 126
123 126
125 126
126 126
127 126
128 126
129 126
134 126
135 126
136 126
138 126
169 126
170 126
171 126
172 126
173 126
178 126
202 126
251 126
252 126
253 126
254 126
255 126
0 127
69 127
78 127
80 127
81 127
111 127
113 127
116 127
117 127
130 127
131 127
132 127
137 127
164 127
165 127
166 127
167 127
168 127
174 127
178 127
202 127
247 127
248 127
249 127
250 127
0 128
68 128
70 128
76 128
79 128
110 128
112 128
115 128
133 128
163 128
173 128
174 128
175 128
176 128
177 128
178 128
202 128
244 128
245 128
246 128
250 128
251 128
252 128
253 128
254 128
255 128
0 129
67 129
69 129
75 129
77 129
104 129
109 129
112 129
115 129
132 129
133 129
163 129
201 129
242 129
243 129
247 129
248 129
249 129
255 129
0 130
68 130
76 130
103 130
105 130
108 130
112 130
114 130
115 130
116 130
134 130
135 130
163 130
170 130
171 130
172 130
201 130
240 130
241 130
244 130
245 130
246 130
255 130
0 131
102 131
104 131
107 131
111 131
113 131
136 131
162 131
163 131
167 131
168 131
169 131
173 131
201 131
238 131
239 131
241 131
242 131
243 131
255 131
0 132
101 132
103 132
105 132
106 132
111 132
114 132
115 132
135 132
161 132
167 132
173 132
201 132
237 132
239 132
240 132
255 132
0 133
64 133
100 133
102 133
104 133
111 133
116 133
131 133
132 133
133 133
134 133
160 133
167 133
172 133
200 133
238 133
255 133
0 134
63 134
65 134
101 134
104 134
111 134
116 134
131 134
160 134
164 134
165 134
166 134
173 134
200 134
255 134
0 135
64 135
103 135
111 135
117 135
132 135
160 135
163 135
173 135
200 135
255 135
0 136
102 136
110 136
116 136
131 136
161 136
162 136
172 136
200 136
255 136
0 137
101 137
110 137
117 137
130 137
156 137
157 137
158 137
159 137
160 137
165 137
171 137
199 137
255 137
0 138
100 138
110 138
118 138
119 138
129 138
134 138
155 138
161 138
162 138
163 138
164 138
166 138
167 138
168 138
170 138
172 138
173 138
174 138
175 138
199 138
255 138
0 139
99 139
110 139
120 139
121 139
122 139
128 139
133 139
135 139
156 139
157 139
158 139
169 139
171 139
175 139
199 139
255 139
0 140
98 140
110 140
123 140
124 140
125 140
126 140
127 140
134 140
159 140
160 140
161 140
162 140
163 140
164 140
165 140
166 140
167 140
168 140
175 140
199 140
255 140
0 141
61 141
62 141
93 141
97 141
110 141
175 141
199 141
255 141
0 142
60 142
63 142
92 142
94 142
96 142
110 142
175 142
198 142
255 142
0 143
60 143
61 143
62 143
93 143
95 143
110 143
175 143
198 143
255 143
0 144
59 144
61 144
93 144
94 144
110 144
175 144
198 144
255 144
0 145
59 145
61 145
92 145
110 145
175 145
198 145
255 145
0 146
60 146
90 146
91 146
92 146
93 146
110 146
175 146
198 146
255 146
0 147
76 147
89 147
110 147
175 147
197 147
255 147
0 148
75 148
77 148
78 148
90 148
91 148
110 148
175 148
197 148
255 148
0 149
74 149
79 149
90 149
110 149
175 149
197 149
255 149
0 150
72 150
73 150
75 150
77 150
78 150
89 150
110 150
175 150
197 150
255 150
0 151
71 151
74 151
76 151
89 151
110 151
175 151
197 151
255 151
0 152
72 152
73 152
88 152
110 152
175 152
197 152
255 152
0 153
87 153
110 153
174 153
196 153
255 153
0 154
82 154
86 154
110 154
174 154
196 154
255 154
0 155
81 155
83 155
86 155
110 155
174 155
196 155
255 155
0 156
80 156
82 156
85 156
110 156
173 156
196 156
255 156
0 157
42 157
48 157
81 157
84 157
111 157
173 157
196 157
255 157
0 158
41 158
43 158
45 158
46 158
47 158
49 158
83 158
111 158
172 158
196 158
255 158
0 159
38 159
39 159
40 159
41 159
42 159
44 159
47 159
48 159
83 159
111 159
172 159
196 159
255 159
0 160
37 160
42 160
45 160
46 160
82 160
111 160
172 160
195 160
255 160
0 161
38 161
39 161
40 161
41 161
81 161
111 161
171 161
195 161
255 161
0 162
80 162
111 162
171 162
195 162
255 162
0 163
79 163
111 163
170 163
195 163
255 163
0 164
42 164
78 164
111 164
169 164
195 164
255 164
0 165
41 165
43 165
78 165
112 165
169 165
195 165
255 165
0 166
42 166
71 166
72 166
79 166
112 166
168 166
195 166
255 166
0 167
70 167
73 167
79 167
112 167
168 167
195 167
255 167
0 168
71 168
72 168
79 168
112 168
167 168
194 168
255 168
0 169
69 169
70 169
71 169
72 169
79 169
113 169
153 169
154 169
155 169
167 169
194 169
255 169
0 170
68 170
73 170
80 170
113 170
133 170
134 170
135 170
136 170
137 170
138 170
139 170
152 170
156 170
166 170
194 170
255 170
0 171
69 171
70 171
71 171
72 171
79 171
113 171
132 171
140 171
153 171
154 171
155 171
166 171
194 171
255 171
0 172
79 172
113 172
133 172
134 172
135 172
136 172
137 172
138 172
139 172
165 172
194 172
255 172
0 173
67 173
68 173
79 173
114 173
164 173
194 173
255 173
0 174
66 174
69 174
79 174
114 174
164 174
194 174
255 174
0 175
66 175
68 175
79 175
114 175
139 175
163 175
194 175
255 175
0 176
67 176
79 176
114 176
138 176
140 176
143 176
144 176
145 176
146 176
147 176
163 176
194 176
255 176
0 177
79 177
115 177
139 177
142 177
148 177
162 177
194 177
255 177
0 178
79 178
115 178
143 178
144 178
145 178
146 178
147 178
162 178
194 178
255 178
0 179
78 179
116 179
161 179
193 179
255 179
0 180
78 180
116 180
160 180
193 180
255 180
0 181
78 181
116 181
160 181
193 181
255 181
0 182
78 182
116 182
117 182
159 182
193 182
255 182
0 183
78 183
118 183
159 183
193 183
255 183
0 184
70 184
77 184
119 184
120 184
158 184
193 184
255 184
0 185
69 185
71 185
76 185
77 185
121 185
158 185
193 185
255 185
0 186
70 186
75 186
118 186
119 186
120 186
122 186
123 186
157 186
193 186
255 186
0 187
76 187
118 187
121 187
122 187
124 187
125 187
126 187
157 187
193 187
255 187
0 188
77 188
78 188
119 188
123 188
124 188
127 188
128 188
129 188
153 188
154 188
156 188
162 188
163 188
164 188
165 188
166 188
167 188
168 188
169 188
170 188
171 188
193 188
255 188
0 189
77 189
78 189
79 189
119 189
125 189
126 189
130 189
131 189
132 189
147 189
148 189
149 189
152 189
155 189
157 189
158 189
159 189
160 189
161 189
172 189
173 189
174 189
175 189
193 189
255 189
0 190
76 190
119 190
127 190
128 190
129 190
133 190
134 190
135 190
136 190
143 190
146 190
150 190
153 190
154 190
176 190
193 190
255 190
0 191
75 191
76 191
120 191
130 191
131 191
132 191
133 191
137 191
138 191
142 191
144 191
147 191
148 191
149 191
177 191
193 191
255 191
0 192
74 192
120 192
133 192
134 192
135 192
139 192
143 192
177 192
193 192
255 192
0 193
75 193
120 193
127 193
132 193
135 193
136 193
137 193
138 193
178 193
193 193
255 193
0 194
41 194
76 194
120 194
126 194
128 194
133 194
134 194
179 194
193 194
255 194
0 195
40 195
42 195
77 195
121 195
127 195
180 195
193 195
255 195
0 196
40 196
42 196
78 196
121 196
181 196
193 196
255 196
0 197
40 197
42 197
79 197
121 197
181 197
193 197
255 197
0 198
40 198
43 198
80 198
122 198
182 198
193 198
255 198
0 199
40 199
43 199
81 199
122 199
183 199
193 199
255 199
0 200
39 200
44 200
82 200
122 200
183 200
193 200
255 200
0 201
39 201
44 201
82 201
122 201
184 201
193 201
255 201
0 202
39 202
44 202
71 202
83 202
122 202
185 202
193 202
255 202
0 203
39 203
45 203
70 203
72 203
84 203
123 203
185 203
193 203
255 203
0 204
39 204
45 204
71 204
84 204
123 204
186 204
193 204
255 204
0 205
39 205
45 205
85 205
123 205
186 205
193 205
255 205
0 206
39 206
45 206
76 206
86 206
123 206
187 206
193 206
255 206
0 207
39 207
45 207
75 207
77 207
86 207
123 207
187 207
193 207
255 207
0 208
39 208
45 208
76 208
79 208
87 208
123 208
188 208
193 208
254 208
255 208
0 209
39 209
46 209
78 209
80 209
87 209
123 209
188 209
193 209
253 209
0 210
39 210
46 210
79 210
88 210
123 210
189 210
192 210
241 210
252 210
0 211
39 211
46 211
83 211
88 211
123 211
189 211
192 211
239 211
240 211
242 211
250 211
251 211
0 212
38 212
39 212
46 212
82 212
84 212
88 212
123 212
190 212
192 212
237 212
238 212
240 212
241 212
249 212
0 213
37 213
46 213
83 213
89 213
123 213
190 213
192 213
235 213
236 213
238 213
239 213
248 213
0 214
38 214
46 214
68 214
86 214
89 214
123 214
191 214
234 214
236 214
237 214
246 214
247 214
0 215
38 215
46 215
67 215
69 215
85 215
87 215
88 215
89 215
123 215
230 215
235 215
245 215
0 216
39 216
46 216
67 216
69 216
85 216
123 216
228 216
229 216
231 216
244 216
0 217
39 217
46 217
68 217
86 217
123 217
226 217
227 217
229 217
230 217
242 217
243 217
0 218
39 218
46 218
86 218
122 218
223 218
225 218
227 218
228 218
241 218
0 219
40 219
46 219
87 219
122 219
220 219
221 219
222 219
224 219
226 219
240 219
0 220
40 220
46 220
87 220
121 220
217 220
218 220
219 220
222 220
223 220
238 220
239 220
0 221
41 221
46 221
87 221
121 221
214 221
215 221
216 221
219 221
220 221
221 221
237 221
0 222
41 222
46 222
87 222
121 222
210 222
211 222
212 222
213 222
216 222
217 222
218 222
236 222
0 223
41 223
46 223
88 223
120 223
205 223
206 223
207 223
209 223
213 223
214 223
215 223
234 223
235 223
0 224
41 224
46 224
88 224
119 224
204 224
208 224
210 224
211 224
212 224
233 224
0 225
41 225
46 225
88 225
119 225
205 225
206 225
207 225
231 225
232 225
0 226
41 226
45 226
88 226
118 226
230 226
0 227
41 227
45 227
88 227
118 227
228 227
229 227
0 228
41 228
45 228
88 228
117 228
227 228
0 229
41 229
45 229
88 229
116 229
225 229
226 229
0 230
41 230
45 230
82 230
88 230
115 230
223 230
224 230
0 231
41 231
44 231
81 231
83 231
88 231
115 231
222 231
0 232
41 232
44 232
82 232
83 232
88 232
114 232
220 232
221 232
0 233
41 233
44 233
82 233
84 233
89 233
113 233
219 233
0 234
41 234
43 234
82 234
85 234
89 234
112 234
218 234
0 235
41 235
43 235
83 235
85 235
88 235
111 235
218 235
0 236
41 236
43 236
83 236
86 236
88 236
110 236
218 236
0 237
42 237
46 237
83 237
86 237
88 237
109 237
217 237
0 238
45 238
47 238
83 238
86 238
87 238
88 238
108 238
217 238
0 239
46 239
84 239
106 239
107 239
217 239
0 240
84 240
105 240
216 240
0 241
41 241
42 241
59 241
84 241
103 241
104 241
216 241
0 242
40 242
43 242
58 242
60 242
84 242
102 242
215 242
0 243
40 243
41 243
42 243
58 243
59 243
84 243
101 243
215 243
0 244
39 244
41 244
57 244
59 244
84 244
100 244
215 244
0 245
39 245
41 245
58 245
84 245
98 245
99 245
214 245
0 246
38 246
41 246
84 246
97 246
214 246
0 247
38 247
41 247
84 247
95 247
96 247
213 247
0 248
38 248
39 248
40 248
85 248
93 248
94 248
213 248
0 249
37 249
39 249
85 249
92 249
212 249
0 250
38 250
73 250
85 250
91 250
212 250
0 251
72 251
74 251
85 251
91 251
211 251
0 252
73 252
85 252
91 252
211 252
0 253
42 253
74 253
85 253
90 253
210 253
0 254
41 254
43 254
73 254
75 254
85 254
90 254
210 254
0 255
1 255
2 255
3 255
4 255
5 255
6 255
7 255
8 255
9 255
10 255
11 255
12 255
13 255
14 255
15 255
16 255
17 255
18 255
19 255
20 255
21 255
22 255
23 255
24 255
25 255
26 255
27 255
28 255
29 255
30 255
31 255
32 255
33 255
34 255
35 255
36 255
37 255
38 255
39 255
40 255
41 255
42 255
43 255
44 255
45 255
46 255
47 255
48 255
49 255
50 255
51 255
52 255
53 255
54 255
55 255
56 255
57 255
58 255
59 255
60 255
61 255
62 255
63 255
64 255
65 255
66 255
67 255
68 255
69 255
70 255
71 255
72 255
73 255
74 255
75 255
76 255
77 255
78 255
79 255
80 255
81 255
82 255
83 255
84 255
85 255
90 255
91 255
92 255
93 255
94 255
95 255
96 255
97 255
98 255
99 255
100 255
101 255
102 255
103 255
104 255
105 255
106 255
107 255
108 255
109 255
110 255
111 255
112 255
113 255
114 255
115 255
116 255
117 255
118 255
119 255
120 255
121 255
122 255
123 255
124 255
125 255
126 255
127 255
128 255
129 255
130 255
131 255
132 255
133 255
134 255
135 255
136 255
137 255
138 255
139 255
140 255
141 255
142 255
143 255
144 255
145 255
146 255
147 255
148 255
149 255
150 255
151 255
152 255
153 255
154 255
155 255
156 255
157 255
158 255
159 255
160 255
161 255
162 255
163 255
164 255
165 255
166 255
167 255
168 255
169 255
170 255
171 255
172 255
173 255
174 255
175 255
176 255
177 255
178 255
179 255
180 255
181 255
182 255
183 255
184 255
185 255
186 255
187 255
188 255
189 255
190 255
191 255
192 255
193 255
194 255
195 255
196 255
197 255
198 255
199 255
200 255
201 255
202 255
203 255
204 255
205 255
206 255
207 255
208 255
209 255
-111 -127
112 127
113 127
74 192
123 203
123 204
123 205
123 206
123 207
123 208
123 209
123 210
123 211
123 212
123 213
123 214
123 215
123 216
123 217
85 255
86 255
87 255
88 255
89 255
90 255
-239 0
240 0
241 0
242 0
243 0
244 0
245 0
246 0
247 0
248 0
249 0
250 0
251 0
252 0
253 0
254 0
255 0
255 1
255 2
255 3
255 4
255 5
255 6
255 7
255 8
255 9
255 10
255 11
255 12
255 13
255 14
255 15
255 16
255 17
255 18
255 19
255 20
255 21
255 22
255 23
255 24
255 25
255 26
255 27
255 28
255 29
255 30
164 128
165 128
166 128
167 128
168 128
169 129
156 188
190 213
191 213
192 213
-253 -209
254 209
255 209
255 210
255 211
255 212
255 213
255 214
255 215
255 216
255 217
255 218
255 219
255 220
255 221
255 222
255 223
255 224
255 225
255 226
255 227
255 228
255 229
255 230
255 231
255 232
255 233
255 234
255 235
255 236
255 237
255 238
255 239
255 240
255 241
255 242
255 243
255 244
255 245
255 246
255 247
255 248
255 249
255 250
255 251
255 252
255 253
255 254
209 255
210 255
211 255
212 255
213 255
214 255
215 255
216 255
217 255
218 255
219 255
220 255
221 255
222 255
223 255
224 255
225 255
226 255
227 255
228 255
229 255
230 255
231 255
232 255
233 255
234 255
235 255
236 255
237 255
238 255
239 255
240 255
241 255
242 255
243 255
244 255
245 255
246 255
247 255
248 255
249 255
250 255
251 255
252 255
253 255
254 255
255 255
-123 -126
124 126
125 126
129 128
130 128
131 128
133 128
128 129
128 130
113 131
128 131
129 132
130 132
131 132
132 132
122 139
123 139
124 139
125 139
126 139
127 139
128 139
-40 -195
41 195
42 195
46 209
46 210
46 211
46 212
37 213
46 213
46 214
46 215
46 216
46 217
46 218
46 219
46 220
46 221
46 222
46 223
46 224
46 225
41 236
42 236
43 236
